0 0 30 30
100
0 0 1 1
18 64 86 1
36 8 80 99
62 21 60 74
49 50 43 27
34 50 84 16
33 77 41 76
21 50 60 0
34 13 46 62
1 13 33 38
77 96 13 23
29 64 61 28
12 68 21 96
9 51 94 24
93 53 56 0
48 25 65 87
90 81 47 79
62 53 56 38
31 56 2 89
37 89 40 14
97 11 56 30
51 6 89 9
42 55 71 75
43 93 13 22
29 96 46 11
66 7 23 33
91 77 31 42
76 77 61 46
89 84 56 51
41 75 97 62
49 37 23 35
80 36 11 66
98 53 10 28
46 35 66 42
55 23 15 67
6 85 63 86
48 44 46 81
51 37 34 3
93 70 78 39
5 12 30 56
77 2 51 98
84 44 37 7
50 58 65 92
71 27 60 45
44 44 72 53
31 40 73 64
9 83 13 71
90 59 1 62
72 44 71 13
75 35 17 60
54 46 29 87
62 25 25 30
1 26 62 98
66 55 78 69
51 62 54 11
76 57 70 93
60 97 7 51
50 5 97 91
69 92 4 84
52 27 81 29
99 13 81 88
52 35 91 37
34 42 7 1
31 79 90 54
47 48 47 80
3 6 82 82
81 65 71 46
9 83 2 87
92 88 50 36
30 54 48 99
57 79 55 26
90 82 74 49
29 7 92 47
5 6 80 40
76 17 32 35
81 7 35 20
36 99 38 13
5 37 12 73
45 4 39 34
66 72 19 51
8 39 60 87
61 76 84 76
85 76 20 11
68 10 26 7
79 96 11 20
2 93 50 27
10 81 11 57
21 56 44 76
94 65 45 38
29 57 98 22
57 76 9 61
55 84 1 68
76 42 80 78
43 54 17 51
21 29 19 11
65 35 1 15
56 16 49 1
56 23 63 26
86 83 99 67
33 66 35 82